%% 参数
% 光风电
Ppv = [0, 0, 0, 0, 0, 0, 2.52, 10.08, 16.38, 25.2, 28.98, 30.24, 28.98, 26.46, 21.42, 16.38, 11.34, 2.52, 0 , 0, 0, 0, 0, 0];
Pwt = [32.76, 37.8, 41.57, 39.06, 35.28, 15.12, 17.64, 21.42, 25.2, 15.12, 7.56, 11.34, 6.3, 5.04, 17.64, 21.42, 34.02, 34.02, 22.68, 18.9, 20.16, 20.16, 30.24, 39.06];
Pl = [62.99, 57.95, 55.43, 51.65, 50.39, 62.99, 81.89, 97.01, 117.17, 127.24, 123.47, 108.35, 99.53, 93.23, 97.01, 109.61, 118.4, 122.21, 129.76, 136.06, 125.98, 105.83, 89.45, 66.77];
costp=[50,60,61,50,60,63,70,80,85,90,100,95,95,90,88,90,95,100,105,120,115,114,110,100];
Cm_pv = 0.01;
Cm_wt = 0.298;
% 买24小时电价
Crb = [0.49, 0.49, 0.49, 0.49, 0.49, 0.49, 0.83, 0.83, 0.83, 1.1, 1.1, 0.83, 0.83, 0.83, 0.83, 0.83, 0.83, 0.83, 1.1, 1.1, 1.1, 0.83, 0.49, 0.49];
% 燃气轮机
Pmt_min = 0;        %最小出力
Pmt_max = 65;       %最大出力
Rmt_down = -5;      %爬坡约束
Rmt_up = 10;
Cm_mt = 0.031;      %运行成本
Cst_mt = 1.94;
eta_l = 0.15;
eta_h = 0.9;
Coph = 1.2;
%可去负荷
Px_min=0;
Px_max=20;
% 燃料电池
Pfc_min = 0;
Pfc_max = 50;
Rfc_down = -2;
Rfc_up = 2;
Cm_fc = 0.087;
Cst_fc = 1.2;
% 电储能
Pb_min = -20;
Pb_max = 20;
tau_b = 0.001;% 电储能自放电率
eta_bch = 0.9;
eta_bdis = 0.9;
Eb_init = 10;% 电储能0时刻初始电量
Eb_min = 0.2*20;% 表示储能最小荷电状态soc乘以储能总容量，即表示储能应该有的最小现存容量不能低于这个值
Eb_max = 0.8*20;
Cm_Eb = 0.0012;% 储能单位维护成本
% 其他
 Cch4 = 2.5;    %  天然气单价
L_gas = 9.7;% 天然气低热值
Uinit = 0; % 跟启停有关的










